data_name: "halfcheetah-medium-v2"
env_name: "HalfCheetah-v2"
max_ep_len: 1000
env_targets: [12000, 6000]
scale: 1000
delayed_reward: False
pct_traj: 1.0
K: 20
batch_size: 64
return_scale: [-310.23419189453125, 5309.37939453125]
reward_scale: [-2.8353304862976074, 8.32674503326416]