data_name: "hopper-medium-expert-v2"
env_name: "Hopper-v2"
max_ep_len: 1000
env_targets: [3600, 1800]
scale: 1000
delayed_reward: False
pct_traj: 1.0
K: 20
batch_size: 64
return_scale: [315.8680114746094, 3759.083740234375]
reward_scale: [0.548995316028595, 6.628322124481201]